              precision    recall  f1-score   support

           0       0.00      0.00      0.00         2
           1       0.99      1.00      1.00       343
           2       0.99      0.99      0.99       164
           3       0.97      0.97      0.97        39
           4       0.97      0.89      0.93        35
           6       0.00      0.00      0.00         0
           7       1.00      1.00      1.00         2

    accuracy                           0.98       585
   macro avg       0.70      0.69      0.70       585
weighted avg       0.99      0.98      0.98       585

